1048 4575868.31901
1801 833 1352 1760 1095 1818 1454 1316 1148
1470 1129 1473 1940
615 177 1663
1861 1471 899 1665 1282 557 1097 963 1933 202 1364
1692 1402
1956 1222 1464
836 1803 53 561 1720 725 1013 47
1897 387 1743 766
544 1516 1132 117 1102 1949
644 1353 328 1813
1264 1579 669 1415 910
1959 591 579 129
552 1832 1546 606 1367
1171 1068 393 759
1876 782 1071
1334 1064
162 984 1389 420
1087 1862 1416 970
1585 1538
120 804 1576
216 1689 1749
1106 891 1285
1523 1468
1430 1219 237
1189 1573
1690 1297 1324
990 797 203
1916 1408
1597 1967 1919
1776 1810 1910
260 102 1547
1662 773 1054 418
95 1541 1076 689
1351 1618
562 77 943
1130 929
1666 435
1913 1136 1634
26 34
308 1647
690 938 1133
1669 787 1765
13 584 903 88
538 1535 745
1151 1732 1093 989
1625 1503 1496
1587 197 798
1867 1455 1885
200 37 1178 86
1950 1050 968
713 827 1491
1866 241 12
1057 790
923 1821
1082 922 362
642 1559 1775
992 814
1008 794 2000
1863 748
307 80 1586
215 735
257 1527 551
846 1374 356 1217
1359 1643 991
243 1708 9
1034 1462 1543
1399 1991 83
864 388 1153
620 848 1342
475 1271 1590 564
1517 1401
1737 8 1564
293 885
840 473 1272
424 967
1140 408 1319
1505 417 1043
263 1382 51
1452 1051 933
1997 1229 715 1495
1709 39 1680
628
647 1729 988 1657
74 875
1294 467 450
381 1826 1664
390 96 1839
1735 1686
1494 1923
610 516
800 1660 1216
612 909
55 708
744 1571
231 1570
1421 666
1723 1790 426 1298
1325 980
834 1440
31 1510
626 166 250
811 1712
40 950 1642
1466 1265 1420
71 1085
1158 573 48
1482 1022
1746 1166
1575 1532
510 1528 1764
640 1456
882 106 300
719 949
1542 1375
734 841 768
1213 1215 1823
1759 1809 907
111 1850
668 982 1943
1441 1289 1234
290 103 533
1603 1306
820 1390
609 1896
254 1125
1761 1683 720
1747 199 1084
1976 476
398 43 849
463 21
375 1679
281 1103 1323
1773 1881 150
353
44 710
873 169 736 344
1711 1772
1627 107 1403
75 605 937 477
1955 1484
1716 563 122
1840 1915 304
1530 830
425 1880
770 1855 296
490 868 1096
255 1066
621 1224 1058
1252 1417
1841 1032
176 839
753 1707 1094
1355 1604
1935 1061
838 1661 364
340 427
397 385
1108 897
442 410
464 407
479 741
4
140
384 1828
602 481 29
7 1279
687 158 1398
1179 1381
266 73
877 1931 1648
1980 1833
1847 518
1874 1792
874 631
1340 368
1894
1982 1529
273
1128 1895
1607 582
336 1796
931 1273
402
1101 338
395 170 633
692 1645
1172 438
1904 630
842 852
1650 1794
92 906
1105 777
42 493
576 1442
1941 465 574
1244 1694
854 1738
779 757 1206
1259 69
866 1845
1014 302
1100 78
488 403
444 676
1233 525
1596 520
286
219 1626
1088 1668
867 67
1652 587
20 1479
54 712
888 1277
1539 155 1226
1280 722
79 1986
383 509
276 1658 1595
683 1024
1253 1311
717 1332
1154 1245 1851
951 667 1112
1492 869
501 1978
1147 409
1745 908
487 115
935 1838
781 643 863
523 318 1534
130 1175 499
917
1917
1210 1721
515 24
793 1160
396 528
1036 1873
1322 413
1135 810
1616 416 436
546 189
994 1921
434 524
182 1117
1948
1502 1443
1646 1782
594 245
697 1242 1687
876 145 685
492 133
566 1985
788
1281 765
1200 469
429 1961
321 405
1086
1565 1550
1704 1251
776 540
305 1007
554 1637
208 1520 261
1201 895 38
1673
1757 1424
1688 508
1820 1192
453 458 1145
360 792
1829 636
1182 650
1724 252
422 1450
1180 1247
159
535 1623
1544 1039
1485 482
1203 1092
1365 1481
1292 553 351
1812 1406
915
1449 1412
835 1422
1018 1232
1514 1887
754 1432
1284 1077
1254
699 312
341 805
645 1312
813 326
706 571
1288 1714
1522 1551
1830
1816 1936
1676 507
1026 1157 98
1327 987
1900 1343
1786 1459 1405
25 1142
558 928
962
17 674 1295
901 1144
1425 1023 575
1993 898
709 1427
1089 1321
1545 1924
132
484
1852 59 367
110 608
1483 1118
1489 934
1644 740
1624 171
1770 1508
430 173
1973 721
327 613
1556
1685 347
881 570
279 1509
729 1639
969 1954
1474
294 1947
858 993
1515 301 616
1490 1506 886
684 981
1378 677
952 1804
1635 415
1221
1554 780 192
1744 221
627 343
1500 1419 138
598 1638
623 920
1934 1040
1149 1584 355
567 478
1622 369
1124 116
1912 451
1123 1968
1116 99
1197 1942
1262 391
946 622
1977
404
904 786
317 62
878 1806
1780 1552
485 1475
829 796 513
1121
1354 204
1908 1536
292 1127
1017 629
581 210
1983 1029
536 1578
1385 1621
342 1890
1615 985
1889 446
1480 1019
726 411
136 1561
289 27
339 1730
1134 1614
314 1886
1875 332
1267 961
871 121 1568
889 1181
1753 739
1070 471
207 1202
1362 1131
1512 1756
1798 474
1060 1338 1553
1138
1304 229
1164
1207
1594 758 240
85 506
541 449
1824 89
865 1722
1802 791 57
857 1781
214 1315
747 1906
1702 1291
1836
270 1498
125 1012
399 135
1305 1048
1937 1370
1814 742
101
1436
1435 265
428 19
1476 771
1963
1920 1864
1308 1807
577
68 927
998 1183
1582 727
23 1706
1750 1477
537 1028
389 371
1152 333
414 1537
1805 1659
1583 1137
1380 1069
975 807
939 953
1368 1734
919 1602
1044
1260 236
1695 1309
1458 624
693 1337
705 419
1870 313
883 1227
357 902
1317 234
696
1373 433
760 772
1736 1911
1620 1255
1366 529
1075
394 50
604 1235
778 785
1819 30
157
1411 14
348 702
641 632
853 1460
818 421
664
619 947
1371 124
1859 502
392
359 658
654 81
639
1269 16
1965 1581
817 1001
1431 1358
1150 1926
441 1047
494 1671
1751 1426
1591
1114 1677
531 1170
1467 377
764 586
625
996 752
104 1827
1027 1521
1434 896
1025 108
1715 1451
468
1755 1299
358
761
1033 924
959 1605
1031
2 454
828 1212
783 701
1418 1701
1630
1925 824
46
491 1165
522 1800
1511 1999
1433
1944
1240 1653
1348 459
1021 1339
1065 1903
282 126
1218 303
1613 655
70 767
634 1263
1428 911
1784 1328
1161
1901 500
1310 18
1196 1793
60 149
648 1478
496 1727
330 568
1000 1111
1922 1261
1684 1869
1409 1763
452 1042
1045 1250
141 233
58 870
801 432
495 1958
1868 519
268 1856
1391 1347
1988 572
893 49
589 100
372 580
698 1011
1113 1487
795 1270
872 242
1081 1898
1326
1974
105 1771
1567 1119
862 1199
1609 1860
714 113
1363 1766
1488
680 1631
1981 1994
1678 559
52 1577
1572 694
400 912
1167 275
1438 1258
1237
966
253 461
1155
1752 1524
1349
1777
185
269 1883
1345
1909 1336
455 1811
948
90 1049
775 119
277
1248 517
225 148
1314 128
1246 198
751 1835
291
1789 1126
1893
271 1636
593 82
1580 498
1159 1960
514 181
439 815
784 960
94
1276 659
1846 274
222 663
36
1640
1611
1549 248
1797
1558 1228
930 297
480
1266 1186
1719
545 1394
1674 1274
1888 1301
258 97
72 1414
843 1698
218
1930 1146
1445 673
1162 1713
1055 649
651 750
1059 1379
1195 378
1733 1143
374 93
466 1225
153
1493 900
1872
884 315
167 657
769
66 860
1278
1987 1275
1346 1842
1062 1533
590 1787
349 306
472 756
1569 431
601 532
661 707
521 534
635 1035
894 22
603 1447
1918 191
1463
288 646
1318 942
195 665
1531 1651
977 660
1387 850
1073 1598
503
112 462
1952 718
688
728 1293
1788
1038
1739
1331
1589
583 1030
386
1783 1762
1072 180
1067 1878
1632 1472
1939 335
505 1004
1156 724
1395 845
1423
823 1946
743 365
165 971
247
217 588
1176 1691
812 1945
1283 653
319 1726
1742
856
565 223
1344 1507
380 1191
1457 679
1854
1697
1499 618
123 1009
316 146
156 1953
152 1964
160
178 1966
228 1091
964 460
1110 401
310 41
352 1834
704 209
1682 320
437
1843
979
186 932
1731
1837 555
151
851 997
822 1778
489
1208
802 1163
1641 1109
1287 1002
118
1080
1329 1396
1190 1795
918 1989
1230
134
543 1083
1120
695 1173
172 278
486 859
1877 264
560 1754
423
1574 445
1995 283
144 1791
1774 1194
1174 323
1241 678
1741 249
45 1725
995 194
1592 154
91
925 87
6
1882
64 746
1526
1256 539
238 376
530 1619
1848 1998
1177 370
954
1593
1376 847
711 1871
35 1486
914
1205 1825
84
1453 716
1300 1969
578 1053
1938
1740 1815
550
382
1268 1357
331 244
821
1655 1392
1990
267 363
1566 607
733 999
1667 1899
443 671
1330
1307
1519 1372
1858 1992
1169
600
1693 1996
585 1628
819
956
861 1122
412 944
1369
816 806
114 1209
1513
379 1670
1056 681
1078 346
1115 662
940 808
285
1090 1383
163 1768
179 345
251
732
497 1236
329 1439
887 556
1333 972
187 456
175 983
220 1
1052
1610
457 1320
1223 855
196
879 1041
447 1107
28 916
1187
137 483
957 280
1560 1104
730
440
1296 1501
1601 826
549
259 597
324
1879 1557
1302
239
1010 164
831 1962
1799
1849 1681
1588
958
1700
1286
1975
569
973 1350
1469
913
311 406
941
212
1249 1728
142 284
1562 1448
803 656
595 334
1703
1303 1672
1099
1518
201
1397
809
227
127
1865
1525 1705
1016 131
1617 193
1006 512
1139 1905
617 1844
350 892
774
945
592
1185
1971 1649
1193
614
11
235
978
1198 1717
1020
1892 1540
1979 1891
1386 1957
1446 1822
1767 262
1257
749
1184
1098
1599
672 309
206 1675
109 700
1188
1927
224
298
65 1984
470
1758
1914
1037 1384
1461
511
184
1356
226
1951 1074
1360
1970
1769
542
1563
1902
3
723
1168
1079 1932
670 1063
10
1231
1400 1710
1633 1548
1497 1907
1444 936
691
1748
1696
703 547
1504 15
526
638
272 143
1141
799 504
880 295
230 1393
1413
637 213
1214 373
205 1718
974
1779 1404
1204
763
1015
161 789
337
33 232
986 686
921
63 246
1853 61
1046
174
168
1884 976
1808
1407
926 1313
1003 139
527
1335
1699
1239 652
825
1972
1388
844 682
287
965 188
955 1629
1243 1361
1654
183 1831
738 190
905
832
890 322
1005
1929
56
1290
1928
354
1857
1238
32
611
596
448
366
762
1555
1341
1211
1608
1606
1600
731
211 675
1377
599
837
1465
737
1817
299
256
147
5
1410
1785
1656
361
1429
325
1612
1437
755
76
548
1220
