1124 4772970.33399
2 863 927
3
4
5
6
7 1811
8 1268
9 534 556 1826
10
11
12 889 1206
13 477 673 1226
14 1757
15 832
16 279 1234
17 1887
18 223 435 1564
19 1177
20 1720
21 1766 1798
22 174
23 1289
24 1008
25 740
26
27 586 752
28 1933
29 735 800
30 1195
31 1813
32
33 681
34 991 1115
35
36 777
37 1078
38 85
39 124
40 1833
41 61
42 1275
43 967 1910
44 1477
45 1107
46
47 318 1790
48 154 678
49 851
50 1656
51 416 1116
52 1915
53 95 323 1165
54 1265
55 934
56 666
57 1369
58
59 778
60
62 1769
63 431
64 1962
65 1414
66 653
67 522
68
69 112
70 312 1969
71 999
72 474
73 1364 1995
74
75 1712
76 682
77 394 646
78 651
79 1878
80 869 1279 1464
81 187
82 1982
83 161 1791
84 988
86 542
87 1243
88 1253
89 359 1402
90 707
91 1146
92 346
93 560
94
96 1182 1760
97 660
98 269 932
99 206
100 249
101
102 364 1167
103 139
104 1659
105 708 1906
106 1104 1293
107 330 1639
108 325
109
110 1153 1337
111 622
113 652 1521
114
115 220
116 227
117 1691 1817
118
119 486
120
121 238 1947
122 684 742 1547
123 1009
125 1412
126 1987
127
128 530 1839
129 1335
130 1440 1903
131 1849
132
133 772 1002 1661
134
135 1572
136 756
137 916
138 977 1170
140
141 792
142
143 147
144
145 895 1315
146 717
148 550
149 1970
150 175 789
151
152 338 1869
153
155 1365
156 274 985
157
158 1716
159 1013
160 192
162 1267 1323
163 295
164 697
165 1953
166 1888
167 659
168 1707
169 919
170 401 1030
171 1067
172 810
173 1123 1316
176 1536
177 1644
178 232 1775
179 700
180 1596
181 1333
182
183
184
185
186 275
188 878
189 363 1754
190 1881
191 1620
193 1815
194 283 370
195 701 1219
196
197 585
198 310 483
199 1629
200
201
202 1100 1895
203 1099
204 529 1077
205 1743
207 1199
208 539 582 907
209 1198
210 1787
211 1418
212 564
213 1525
214
215 240
216 879
217 504 1319
218
219
221 1655
222 870
224
225 745
226
228 1041
229 1231
230 961 1621
231 1991
233 1410
234 1522
235
236 272 1578
237 689 1752 1994
239
241 1036 1216
242 1492
243
244 565
245 930 1561
246 361 1471
247
248 449 1694
250 964 1527
251
252 607 1381 1680
253 679
254
255
256
257 1677
258 459 587
259 1756
260
261 983 1194
262 335 1770
263
264 808 1992
265 1055
266
267
268 1328
270 1614
271
273
276 393
277 1642
278 803
280 1765 1844
281 845
282
284 543
285
286
287 1538
288 1236
289 928
290 1266
291
292
293
294 1053
296 918 1713
297 957
298 347
299
300 966
301 1544
302 1646
303 1076 1822
304 786 1964
305 1792
306 1185
307 1394
308 516
309 547
311
313 1497
314
315 1256
316 805
317
319 378
320 902 1507
321 391
322 951
324
326 350 1728
327 460
328 1870
329 1019
331 1577
332 1037 1122
333 755
334 959
336
337
339 909 1738
340
341 1405
342 1546
343 785 922
344 1872
345 352
348 900 1911
349
351 380 759
353
354
355 1444
356 382
357
358
360 1459
362 1865
365 677
366
367 813
368 1005
369 457
371 1303
372 896
373 1344
374
375 791 1217
376 1448
377 1733
379
381
383
384 1726
385 458 1907
386
387 1150
388 866
389 436 1714
390 1958
392
395 1663 1899
396
397 532 1125
398 1428
399 906
400
402
403 1553 1825
404
405 1245 1686
406 1583
407 1603 1823
408 771 1918
409 1143
410 871
411 1763
412 1320
413 1110
414 1475
415 1308
417 1261 1768
418 1613
419 1049 1417
420 630 702
421 1852
422 1978
423 1886
424 1942
425
426 1558
427 1711
428
429 1645
430 1619
432 1606
433 995
434 748
437 920
438 1682
439 1486
440 710
441 703
442
443 656
444
445 1762
446 1623 1908
447
448
450 683
451 1118
452 1795
453 1273
454 583
455 1225
456 1465
461 1541
462 1573
463
464 1954
465 1147
466 633
467 768 1746
468
469 470
471 844
472 1011
473 1701
475 1336
476 1850 1986
478 1063
479 1885
480 970
481 1535 1809
482 1480
484
485
487
488 1297
489
490
491
492
493 795
494 1227
495
496
497 1501
498 1439 1670
499 589 1498
500 1060 1665
501
502 1001 1035
503
505 649 1657
506 1599
507 1784
508 1517
509 1109 1173
510 1932
511
512 782 886 1862
513 1046
514 1277
515 1516
517 617
518 1840
519 861
520 840 1468
521 655
523 987
524 1649 1883
525 1176
526
527
528 1617
531
533 705
535
536
537 1985
538 1855
540 1891
541
544 1923
545 1456
546
548
549
551 749 1390
552
553 1156
554
555 1816
557 601
558 980
559 1936
561 1744
562
563 1135
566
567 727
568 1909
569
570 1783
571 1159
572 1531
573 1089
574 1725 1951
575 1114 1595
576
577
578
579 793
580 738
581
584 758 1706
588 1252
590 960
591 1698
592
593 1548
594
595 855
596
597 672
598
599 826
600 1117
602 1828
603 1247
604
605 888 1543
606 1624
608 637
609
610 1058
611
612
613 1416 1929
614
615
616 661
618 675
619
620 631 1721 1996
621
623 1576
624 1070
625
626 1570
627 1299
628
629 799
632 1400
634 1039
635 1186
636 1587
638
639
640
641 1024
642
643 1499
644 1631 1807
645 724
647 1643
648 1191
650 1608
654 1398
657 1857
658 1347 1705
662 862
663 965
664
665 743
667 1467 1838
668 973
669 1438
670 1368
671 1834
674 1021
676 1519
680 1484
685 1296 1309
686 1984
687 1012
688
690
691
692 1722
693 1638 1764
694 1317
695
696 1940
698
699
704
706 746
709 1426 1818
711
712 1003
713 982
714
715 946 1851
716 830 847
718 1239 1898
719
720 853 1675
721 1056
722 1601
723
725 1161
726 993
728
729
730
731
732
733
734
736 1377
737
739 1152
741 754
744 1503
747
750 1734
751
753 1550
757 1446
760
761
762
763
764
765 829
766 1916
767 1083
769
770 836 1793
773 818
774 949
775 1096
776
779 1845
780 1065
781 911
783
784 1422
787 1082
788
790 1139 1392
794 1016
796 1780
797 968 1017 1235
798 1640
801
802 1534
804 893 1324
806 1258
807 940
809
811 912
812 1229
814 1375 1504
815 1554
816 971
817 1066
819
820 1626
821
822
823 936
824 887
825
827 1090
828
831
833
834
835 1860
837
838 1450 1867
839 1627
841 1824
842
843 850
846 1732
848 1250
849 1211
852 1491 1912
854 903 910
856 1064
857
858
859 944 1084
860 1434
864 1357
865 1160
867
868 1251 1500
872 1004
873 1779
874
875 1819
876
877 1358
880
881 1771
882 1367 1831
883
884
885 1810 1926
890 1361
891 1183 1487 1664
892 1241
894
897 1329
898 1641
899 904 1861
901
905
908 1307
913
914 1949
915
917
921
923 1342
924 1386
925 1873
926 1393
929 1290
931 1447
933 942 1837
935
937 1736
938 1246
939 1396
941
943 1453
945
947 1848
948
950 1154 1224
952 1708
953 1238
954
955
956
958
962
963 1489
969
972 1174
974
975 1126
976 1551
978
979
981 1980
984 1747
986 1945
989 1537 1674
990 1228
992
994
996
997 1079
998 1379
1000 1668
1006 1605
1007 1693
1010
1014
1015 1717
1018
1020
1022 1858
1023 1868
1025 1132 1472
1026 1263
1027
1028 1566
1029 1482
1031
1032 1162 1864
1033
1034 1584
1038
1040 1409
1042 1676
1043 1742
1044 1648
1045 1151
1047 1540
1048 1269
1050 1086
1051 1877
1052
1054 1264 1478
1057
1059 1157
1061 1294
1062
1068 1179
1069 1592 1960
1071 1863
1072 1291
1073
1074 1144 1710
1075
1080
1081 1781
1085 1374 2000
1087 1532
1088 1956
1091 1313
1092 1961
1093 1435
1094 1753
1095 1262
1097 1479 1696
1098
1101 1133
1102 1188
1103 1196
1105
1106 1462
1108
1111 1292
1112 1689
1113
1119 1274 1321
1120 1801
1121
1124 1272
1127 1669
1128
1129 1748
1130
1131 1990
1134
1136 1249
1137 1429
1138
1140
1141 1481
1142 1979
1145 1610
1148 1854
1149 1637
1155
1158 1581
1163 1376
1164
1166 1805
1168
1169
1171
1172 1804
1175 1678
1178 1218 1835
1180
1181 1786
1184
1187
1189 1820
1190
1192 1957
1193
1197 1634
1200
1201 1557
1202 1602
1203 1466
1204
1205
1207
1208
1209 1884
1210
1212 1590 1937
1213 1571
1214 1672
1215 1879
1220 1871
1221
1222 1998
1223 1778
1230
1232 1348
1233 1496
1237
1240 1890
1242 1354
1244 1350
1248
1254
1255 1594
1257
1259
1260
1270 1419
1271 1508
1276
1278
1280
1281 1959
1282 1715
1283
1284 1943
1285 1341
1286
1287
1288
1295 1314
1298 1533 1612 1796
1300
1301 1574
1302
1304
1305
1306 1941
1310
1311 1802
1312 1559 1730
1318
1322
1325
1326
1327
1330 1389
1331
1332 1520 1727
1334
1338 1441
1339 1363
1340
1343 1799
1345
1346 1749
1349
1351
1352 1843
1353 1827
1355 1628
1356
1359 1905
1360
1362
1366 1372
1370 1411
1371 1529
1373
1378 1598
1380
1382 1509 1528
1383 1457
1384 1622
1385
1387
1388
1391
1395
1397
1399 1919
1401 1421
1403 1977
1404 1853
1406 1983
1407
1408 1585
1413
1415 1586 1812 1842
1420 1445
1423
1424 1458
1425 1651
1427 1737
1430 1687
1431 1510
1432 1580
1433
1436
1437
1442 1735
1443 1774
1449
1451 1563
1452 1636
1454 1569
1455
1460 1934
1461
1463
1469
1470
1473 1666 1782
1474
1476
1483
1485
1488
1490
1493
1494
1495 1700
1502
1505
1506 1600
1511 1967
1512
1513
1514
1515 1924
1518
1523
1524 1562
1526
1530 1968
1539
1542
1545
1549 1683
1552 1690
1555
1556
1560
1565 1946
1567 1718
1568 1684
1575
1579 1866
1582
1588
1589
1591
1593
1597
1604 1971
1607
1609
1611
1615
1616
1618 1882
1625
1630
1632
1633 1653
1635
1647 1981
1650
1652 1880
1654
1658 1913
1660 1935
1662 1709
1667
1671 1892
1673
1679 1704
1681 1966
1685
1688
1692
1695
1697
1699
1702
1703
1719
1723 1999
1724
1729 1751
1731
1739
1740 1856
1741
1745
1750
1755
1758
1759
1761
1767
1772 1889
1773 1800
1776
1777
1785
1788
1789
1794 1846
1797
1803
1806 1904
1808
1814
1821 1896 1922
1829
1830
1832 1931 1989
1836
1841
1847
1859
1874
1875
1876
1893
1894
1897
1900 1921
1901
1902
1914
1917
1920
1925
1927
1928
1930
1938
1939
1944
1948
1950
1952
1955
1963
1965
1972
1973
1974
1975
1976
1988
1993
1997
